4
26
42
62
69
93
103
118
137
147
157
167
184
206
230
247
254
273
285
299
320
344
351
372
383
402
409
423
447
463
473
483
493
515
535
550
561
575
595
609
623
640
650
664
678
702
716
730
742
749
760
774
786
807
814
833
852
869
888
902
913
937
961
985
995
1009
1021
1028
1052
1068
1080
1087
1098
1122
1136
1155
1165
1179
1200
1212
1222
1233
1243
1262
1281
1292
1303
1315
1334
1348
1358
1369
1385
1399
1409
1419
1441
1463
1482
1498
1509
1521
1528
1542
1549
1566
1580
1590
1614
1630
1640
1664
1688
1702
1726
1736
1758
1765
1779
1791
1807
1824
1834
1858
1877
1901
1908
1918
1942
